Iris Dataset Analysis Summary
========================================

1. Overall Summary Statistics
-----------------------------------
       sepal length (cm)  sepal width (cm)  petal length (cm)  petal width (cm)
count         150.000000        150.000000         150.000000        150.000000
mean            5.843333          3.057333           3.758000          1.199333
std             0.828066          0.435866           1.765298          0.762238
min             4.300000          2.000000           1.000000          0.100000
25%             5.100000          2.800000           1.600000          0.300000
50%             5.800000          3.000000           4.350000          1.300000
75%             6.400000          3.300000           5.100000          1.800000
max             7.900000          4.400000           6.900000          2.500000

2. Summary Statistics by Species
-----------------------------------
Species                     setosa  versicolor  virginica
sepal length (cm) count  50.000000   50.000000  50.000000
                  mean    5.006000    5.936000   6.588000
                  std     0.352490    0.516171   0.635880
                  min     4.300000    4.900000   4.900000
                  25%     4.800000    5.600000   6.225000
                  50%     5.000000    5.900000   6.500000
                  75%     5.200000    6.300000   6.900000
                  max     5.800000    7.000000   7.900000
sepal width (cm)  count  50.000000   50.000000  50.000000
                  mean    3.428000    2.770000   2.974000
                  std     0.379064    0.313798   0.322497
                  min     2.300000    2.000000   2.200000
                  25%     3.200000    2.525000   2.800000
                  50%     3.400000    2.800000   3.000000
                  75%     3.675000    3.000000   3.175000
                  max     4.400000    3.400000   3.800000
petal length (cm) count  50.000000   50.000000  50.000000
                  mean    1.462000    4.260000   5.552000
                  std     0.173664    0.469911   0.551895
                  min     1.000000    3.000000   4.500000
                  25%     1.400000    4.000000   5.100000
                  50%     1.500000    4.350000   5.550000
                  75%     1.575000    4.600000   5.875000
                  max     1.900000    5.100000   6.900000
petal width (cm)  count  50.000000   50.000000  50.000000
                  mean    0.246000    1.326000   2.026000
                  std     0.105386    0.197753   0.274650
                  min     0.100000    1.000000   1.400000
                  25%     0.200000    1.200000   1.800000
                  50%     0.200000    1.300000   2.000000
                  75%     0.300000    1.500000   2.300000
                  max     0.600000    1.800000   2.500000

3. Correlation Matrix (All Species Combined)
-----------------------------------
                   sepal length (cm)  sepal width (cm)  petal length (cm)  petal width (cm)
sepal length (cm)           1.000000         -0.117570           0.871754          0.817941
sepal width (cm)           -0.117570          1.000000          -0.428440         -0.366126
petal length (cm)           0.871754         -0.428440           1.000000          0.962865
petal width (cm)            0.817941         -0.366126           0.962865          1.000000

4. Correlation Matrices by Species
-----------------------------------

Setosa:
                   sepal length (cm)  sepal width (cm)  petal length (cm)  petal width (cm)
sepal length (cm)           1.000000          0.742547           0.267176          0.278098
sepal width (cm)            0.742547          1.000000           0.177700          0.232752
petal length (cm)           0.267176          0.177700           1.000000          0.331630
petal width (cm)            0.278098          0.232752           0.331630          1.000000

Versicolor:
                   sepal length (cm)  sepal width (cm)  petal length (cm)  petal width (cm)
sepal length (cm)           1.000000          0.525911           0.754049          0.546461
sepal width (cm)            0.525911          1.000000           0.560522          0.663999
petal length (cm)           0.754049          0.560522           1.000000          0.786668
petal width (cm)            0.546461          0.663999           0.786668          1.000000

Virginica:
                   sepal length (cm)  sepal width (cm)  petal length (cm)  petal width (cm)
sepal length (cm)           1.000000          0.457228           0.864225          0.281108
sepal width (cm)            0.457228          1.000000           0.401045          0.537728
petal length (cm)           0.864225          0.401045           1.000000          0.322108
petal width (cm)            0.281108          0.537728           0.322108          1.000000
